Stock,Period,Theta_hat,Gamma_hat,CI_lower,CI_upper
Alphabet,1,1.0032,1.1454,0.0000,2.6994
Alphabet,2,1.0136,1.1428,0.0000,3.0213
Amazon,1,1.0007,1.4387,0.0000,3.6896
Amazon,2,1.0034,1.5101,0.0000,4.4096
Apple,1,1.0093,0.9309,0.3164,1.5453
Apple,2,1.0025,1.5890,0.0000,4.5996
Meta,1,0.9977,1.2578,0.3600,2.1557
Meta,2,1.0043,1.4517,0.0000,4.2491
Microsoft,1,1.0075,0.9749,0.1633,1.7864
Microsoft,2,0.9957,1.4477,0.0123,2.8831
Nvidia,1,1.0035,1.1282,0.0000,2.6161
Nvidia,2,1.0193,1.0557,0.0000,2.5675
Tesla,1,0.9987,1.3299,0.2688,2.3909
Tesla,2,0.9991,1.8850,0.0000,5.1386
